// Greedy Search Tree
digraph {
	283704615 [label="[[2, 8, 3]
 [7, 0, 4]
 [6, 1, 5]]"]
	203784615 [label="[[2, 0, 3]
 [7, 8, 4]
 [6, 1, 5]]"]
	283704615 -> 203784615
	283714605 [label="[[2, 8, 3]
 [7, 1, 4]
 [6, 0, 5]]"]
	283704615 -> 283714605
	283074615 [label="[[2, 8, 3]
 [0, 7, 4]
 [6, 1, 5]]"]
	283704615 -> 283074615
	283740615 [label="[[2, 8, 3]
 [7, 4, 0]
 [6, 1, 5]]"]
	283704615 -> 283740615
	023784615 [label="[[0, 2, 3]
 [7, 8, 4]
 [6, 1, 5]]"]
	203784615 -> 023784615
	230784615 [label="[[2, 3, 0]
 [7, 8, 4]
 [6, 1, 5]]"]
	203784615 -> 230784615
	723084615 [label="[[7, 2, 3]
 [0, 8, 4]
 [6, 1, 5]]"]
	023784615 -> 723084615
	283714065 [label="[[2, 8, 3]
 [7, 1, 4]
 [0, 6, 5]]"]
	283714605 -> 283714065
	283714650 [label="[[2, 8, 3]
 [7, 1, 4]
 [6, 5, 0]]"]
	283714605 -> 283714650
	283014765 [label="[[2, 8, 3]
 [0, 1, 4]
 [7, 6, 5]]"]
	283714065 -> 283014765
	083214765 [label="[[0, 8, 3]
 [2, 1, 4]
 [7, 6, 5]]"]
	283014765 -> 083214765
	283104765 [label="[[2, 8, 3]
 [1, 0, 4]
 [7, 6, 5]]"]
	283014765 -> 283104765
	203184765 [label="[[2, 0, 3]
 [1, 8, 4]
 [7, 6, 5]]"]
	283104765 -> 203184765
	283164705 [label="[[2, 8, 3]
 [1, 6, 4]
 [7, 0, 5]]"]
	283104765 -> 283164705
	283140765 [label="[[2, 8, 3]
 [1, 4, 0]
 [7, 6, 5]]"]
	283104765 -> 283140765
	023184765 [label="[[0, 2, 3]
 [1, 8, 4]
 [7, 6, 5]]"]
	203184765 -> 023184765
	230184765 [label="[[2, 3, 0]
 [1, 8, 4]
 [7, 6, 5]]"]
	203184765 -> 230184765
	123084765 [label="[[1, 2, 3]
 [0, 8, 4]
 [7, 6, 5]]"]
	023184765 -> 123084765
	123784065 [label="[[1, 2, 3]
 [7, 8, 4]
 [0, 6, 5]]"]
	123084765 -> 123784065
	123804765 [label="[[1, 2, 3]
 [8, 0, 4]
 [7, 6, 5]]"]
	123084765 -> 123804765
	123784605 [label="[[1, 2, 3]
 [7, 8, 4]
 [6, 0, 5]]"]
	123784065 -> 123784605
}
